$ANSIBLE_VAULT;1.1;AES256
39656261633335626331643462643730356535643834623234393665376136366334376333303365
6239366237373162376661366261313163353737393332370a653463373830396164323165343439
36316561623863633935363834386236313832376532383230376165346361653839346436386637
3234303464633138330a306338383030633361363633613634333266356332616230303930643162
61356638336263303861633030336134663731396630313663353038363135613337643031346539
63363362313364663235353430633364353836303937653131343032353331393430396636623530
34363663343037303430333964313662643135656234666336393835666466393830303931333936
65363765333033366233666661646163363966653064303266373561313966643531626164333239
31303137623864633735653333393964333366303231313965316538646163333339383265636636
66393363633930633439346364376563646261633430373366376436643332366635306266343532
61336563326634313465666635643438343636656162383165373938656661393539656535643930
38626535656431386436663437323364396331376565356362326265636139643536373331663930
35343763393332353730363161306138623532653261363237386461653163643231303164376630
63336533663839626264653433646564393436323939363166636334363163363166646331363037
35313861396563636130366162343966613238343338636433393361656363393238646166363933
63346537613631366438616132616561643735323339376462653137646430326134376366626233
62366137386466396339376435636262346632356563373939306532306337643631333832663063
36316437326665366437363063373130393838323233333538383837303736393635343861663233
62626131353030633035376333336431643337363766393534633162626461323535653939393333
35613765383764633562316233356161336636343234383831666234643266666130616531373137
66376432313064663263306165353266643138663863646464336632306530616461653663303165
66366563396532303739353734626166643361623863666261376466326665303763366563396430
66363766313134363735316434613964313739366532383236306132343133373039363862343235
62386663626563326637303162313833616331616230373461343863316335363062633661343139
31653931303230393765383063326130623332393762363536653763626561636662653337383561
35313230626561653730343232363330343030393964616132346666356262333333613866386338
38306538383738663065616235386464653365636563366635653064323234393962383137643430
31376132326362613132333663393464656638303462653431393436653731323262326230396661
62643030386630663735303631313664623336363338636661373832323636623461646637356535
32373035363537373264666234386463306264626136656534623165663961333437393636646636
37663163313739376135666364326363633231346432343633383635313662633931336534363563
63623337383232663730313563623437383039373637633337333834363534366539366238396266
32353865336665656334636464653964383663336362383265383038306166636561613739313961
31613837663931323063393330313532323734323762626339353766363437623635653537613632
33343536653837366539646335323132313264633035303431396564663037643330383564623532
32386462396536396135373731633962323235663263346330396265323630316432623263383833
64633839633836363930366636616439363835326530323566353265323939623766656561346536
65663131353664383131646466613761336336636430386437336664356234613364636531656537
65626435646130653232313466363831323661363830636465386331636538353530343039303530
30623130323038336433653033333064616366613635306634313765336664356132646239623331
31633931363337363935613062636633346334396533656539363833353866653634323236666366
61313337383538383365636132623165663432643738353761613466333264626130376266623938
39663034333638613261386437386135313266666365626234376439393536633033613135383338
39626466363337356666623634316233356537323339663238373035643134616438623337613830
63303363636333306163346530613832366233313031646564613763613762666266353737303635
35363439613364393365643530386533613161333763353861343365363962663633356664383531
61313539623264396436343636306331326561326632623936373937396636333433313837313537
63343336356232343330616661343163653239393733613239333163386131323465343738346630
65366438616338316564306161326339383436343161613839383765626161353765363466616338
38663462666431346338663432653932613163636466396230666566323237616135316262386237
62616463346135636632313035343566313462313739313964613832373266316366376431393764
34393239343638633535346464353733386362333566363130333837643761313264633839633263
38613837383930633431623431323132353066353132626232653262636139643934343135346233
34663536303564313033363138396665323532313463303532313366396666316133323535323731
61643337366462393337303162393962336663653930653530383437356465643937663064383561
37356164666464383265623836346432366435633038633739633138356466313635636134656538
35333765376363346439306465633438306366656234626332346464333731393962636539316662
34353563643065613230353136336335316264346238363136633234643237336663396432363966
65323531373061366333326665633963303163613730353235666535323731336439333932323261
36313565623935626136613331613033653830356336616466383637633833373164383362356664
65616561306264643966643161336565616164376538326532363464383766623939623933383262
35626137613134613966306531656236353834633438316666616266303439363862366337633664
37346335336436346333326362666366313132313630366530316538383663323834663833646438
64633839323562643731393864643264326666313031313932346636366532636430613063656230
39663865323663333035396333643062353063653234383237626236616633343563376437386265
64633539616138366530353938386632333030336538313763653163656661316466653031643066
39396131643266386538336635613638663363613832343633643232396265616664666461316436
32373162643464393533643461356536396361383531333938313463626139646232623937373061
35313736343962653635316364343136386264646361623138333839633032333265326437383233
62666166356437303338663539636236643634656637653333393163623930353361343163373735
64613333383938643632333362373462343162323332383739366566643461343762306139323833
34383865303439643831376431373262373163633965306562633337366263653335363538346664
35313833316262393964316263653236363136663730646330336332363661636638656261353131
36633166633530383536396663623433656138316136383530346132356534626665396162663762
65353430303931623962353035336530333563383534653334633637303533383065353139316331
34353930623733383930316538336339393738393033646437356238643261396332666432313964
30623762653963646133386534393563333039626635646531663464363132366163363163636131
30613938656437373333326262303938653433633362653434643065346530653431646130323165
38663031643532643534373433623933323532656231393066326332333166343666376131613464
37633165366361373034626438626636313835323034316462363132366330643331323833303262
63353731313432626130623731396461636161333934353561623031393161323835396361623666
34396337323666363036346635653936393966323639356336353239373437643232633662323737
31366332663130653334323936393836363939353966623939353561363461656266373738626238
32613739653634333937333864666666663036316630663065306361356431633163353136626536
38393336383634656235353033343737383133396538343437653166373237313963353062303539
36636564383033356236626438303165656466346461316338613836333431613538383734623966
31303964343436626338333737363338353764366330333662313034646135633235336465303463
31353964356562663030616363373238613962316161353333323636313536383066616365313531
61616539663066636162393762383135363135313138626363303762623165613435303364643938
30656434303065653661616265353731326531643864663163663336653435646334353334656635
30396636396630343037303738336464663838393865633835643631313333613634306362313231
62366339303033313430333363303365646432653939666235323330613530303237343636373337
61643435616137663966303238353936346330326165633761373839383639636333626538393966
31303337616361643761666639316362376165623263626265396463353639646563656330643165
36653165326137363333616136396366393363616332656665663663616661663966306438353162
63373434623834323262323164333162643234313166356238633361633063323864313631353432
35613933613931376637363264376639356437653962633364623439376162636135626339626562
3136613536323636303664653131356462376137666261306530
